0.4144667387008667
0.60823655128479
0.6800422668457031
0.7470961213111877
0.8247095942497253
0.8717001080513
0.8980992436408997
0.9271383285522461
0.9392819404602051
0.9498416185379028
0.9545934796333313
0.9672650694847107
0.9736008644104004
0.975712776184082
0.9794086813926697
0.9868004322052002
0.9841604828834534
0.9873284101486206
0.9915522933006287
0.9889123439788818
0.9936642050743103
0.9926082491874695
0.9915522933006287
0.9952481389045715
0.9947201609611511
0.9947201609611511
0.9941921830177307
0.997360110282898
0.9947201609611511
0.9957761168479919
0.997360110282898
0.9968320727348328
0.9963040947914124
0.9989440441131592
0.997360110282898
0.9957761168479919
0.9978880882263184
0.9984160661697388
0.9994720220565796
0.9989440441131592
