1.4310686588287354
1.1908133029937744
1.1160410642623901
1.0616064071655273
1.0646111965179443
0.979926586151123
0.961004376411438
0.9330893754959106
0.9055952429771423
0.924632728099823
0.8938032984733582
0.8868646025657654
0.8408606052398682
0.8459777235984802
0.8452902436256409
0.820345938205719
0.8257582783699036
0.8121163249015808
0.801453173160553
0.7776452302932739
0.7184125781059265
0.5939580202102661
0.5035160779953003
0.42899322509765625
0.36434704065322876
0.33184751868247986
0.3003641664981842
0.2714848816394806
0.24715416133403778
0.2384931743144989
0.2072305679321289
0.19593341648578644
0.17776137590408325
0.16714352369308472
0.16278617084026337
0.16520676016807556
0.16094863414764404
0.1516547054052353
0.13940563797950745
0.1421373188495636
0.13740478456020355
0.14046859741210938
0.13976611196994781
0.136508509516716
0.13194818794727325
0.14722652733325958
0.12693464756011963
0.13999101519584656
0.13536271452903748
0.12567175924777985
0.13135474920272827
0.12341997772455215
0.13352623581886292
0.1194341704249382
0.12143021821975708
0.12258154898881912
0.12709668278694153
0.11903265863656998
0.11675112694501877
0.12031525373458862
