1.3670706748962402
0.963752031326294
0.8096989393234253
0.6984317302703857
0.5817742943763733
0.4982966184616089
0.4396745264530182
0.3857172727584839
0.3515968918800354
0.31786292791366577
0.2867969572544098
0.2573733329772949
0.24059931933879852
0.23282475769519806
0.21764856576919556
0.19966192543506622
0.19693711400032043
0.17627780139446259
0.17743085324764252
0.1816507875919342
0.16228264570236206
0.1595580130815506
0.1674184799194336
0.14850370585918427
0.14841902256011963
0.14199067652225494
0.14291486144065857
0.142977774143219
0.14705507457256317
0.14317907392978668
0.13383765518665314
0.13491198420524597
0.13218335807323456
0.12745140492916107
0.1427716463804245
0.1446799486875534
0.12895198166370392
0.13152439892292023
0.126123309135437
0.124580517411232
