2.1574137210845947
1.7039374113082886
1.542401909828186
1.4509501457214355
1.3773783445358276
1.315730333328247
1.2489985227584839
1.1936817169189453
1.1699562072753906
1.123630404472351
1.0557928085327148
1.0294222831726074
0.994095504283905
0.965326726436615
0.9405620098114014
0.9443190693855286
0.9325576424598694
0.8902502655982971
0.8724625110626221
0.8319422006607056
0.8402443528175354
0.7909302711486816
0.780522346496582
0.7363432049751282
0.7174047231674194
0.7126535773277283
0.6698436737060547
0.6612829566001892
0.6710168123245239
0.6641585230827332
0.6286446452140808
0.6294771432876587
0.6156619191169739
0.5978704690933228
0.5662947297096252
0.5493097901344299
0.5165981650352478
0.5398917198181152
0.5160181522369385
0.5094684958457947
0.4808765947818756
0.48884162306785583
0.48001232743263245
0.4549977481365204
0.44606027007102966
0.42424890398979187
0.45102980732917786
0.4213510751724243
0.41104555130004883
0.4059824049472809
0.3784893751144409
0.36577221751213074
0.3849010765552521
0.36715590953826904
0.3409753441810608
0.3609733581542969
0.3418176472187042
0.3332313895225525
0.3042226731777191
0.28554749488830566
0.31939035654067993
0.2804814279079437
0.281753271818161
0.273189514875412
0.2769872844219208
0.25226500630378723
0.2736194133758545
0.2341591715812683
0.259563148021698
0.22415265440940857
0.22380205988883972
0.22738757729530334
0.2436847984790802
0.19789651036262512
0.22108194231987
0.20518162846565247
0.18777471780776978
0.18976442515850067
0.1908864676952362
0.1894698441028595
