1.558113694190979
1.2918424606323242
1.2302684783935547
1.1390132904052734
1.114068865776062
1.0753533840179443
1.0215554237365723
1.0212631225585938
0.9710880517959595
0.9542379975318909
0.9392918944358826
0.8926769495010376
0.896884560585022
0.8871508836746216
0.8721398711204529
0.823152482509613
0.8418176174163818
0.8000133037567139
0.7953274250030518
0.7661606073379517
0.7120934128761292
0.5776693224906921
0.4974176585674286
0.43374374508857727
0.3672855496406555
0.3329605758190155
0.2975099980831146
0.27069801092147827
0.24882559478282928
0.21629564464092255
0.2026505470275879
0.17115019261837006
0.15108844637870789
0.1393827348947525
0.14296101033687592
0.1225077360868454
0.1114160344004631
0.10222316533327103
0.0904218778014183
0.07819344103336334
0.07684750854969025
0.06968717277050018
0.06433624774217606
0.058068711310625076
0.0654163733124733
0.05084294453263283
0.045621056109666824
0.05014701560139656
0.047790609300136566
0.03612114116549492
0.03723892942070961
0.03975498303771019
0.03636065870523453
0.030825432389974594
0.027104413136839867
0.03549465537071228
0.057976413518190384
0.026757802814245224
0.027925586327910423
0.023034030571579933
