0.41921859979629517
0.6156283020973206
0.6747624278068542
0.7518479228019714
0.7946145534515381
0.8236536383628845
0.8643083572387695
0.8928194046020508
0.9128828048706055
0.9276663064956665
0.9387539625167847
0.9493136405944824
0.9540654420852661
0.9683210253715515
0.9741288423538208
0.9725448489189148
0.9809926152229309
0.9799366593360901
0.983632504940033
0.9873284101486206
0.9910243153572083
0.9894403219223022
0.9915522933006287
0.9915522933006287
0.9936642050743103
0.9910243153572083
0.997360110282898
0.9978880882263184
0.9963040947914124
0.9978880882263184
0.9968320727348328
0.9989440441131592
0.9952481389045715
0.9978880882263184
0.9984160661697388
0.9984160661697388
0.9989440441131592
0.9978880882263184
0.9984160661697388
0.9989440441131592
