0.4012671709060669
0.49630412459373474
0.5327349305152893
0.5659978985786438
0.5982048511505127
0.5966209173202515
0.616156280040741
0.6288278698921204
0.6457233428955078
0.6504752039909363
0.656810998916626
0.6721224784851074
0.6863780617713928
0.6774023175239563
0.6800422668457031
0.6969376802444458
0.6906018853187561
0.7106652855873108
0.7111932635307312
0.7233368754386902
0.7439281940460205
0.8051742315292358
0.84477299451828
0.8727560639381409
0.908130943775177
0.922914445400238
0.9355860352516174
0.9403378963470459
0.9456177353858948
0.9619852304458618
0.9646251201629639
0.9772967100143433
0.9809926152229309
0.9825765490531921
0.9778246879577637
0.9820485711097717
0.9862724542617798
0.9899682998657227
0.9899682998657227
0.9931362271308899
0.9936642050743103
0.9957761168479919
0.9947201609611511
0.997360110282898
0.9941921830177307
0.9963040947914124
0.9984160661697388
0.9936642050743103
0.9963040947914124
0.9984160661697388
0.9989440441131592
0.9957761168479919
0.997360110282898
0.9978880882263184
0.9984160661697388
0.9963040947914124
0.9857444763183594
0.9994720220565796
0.997360110282898
0.9989440441131592
