0.28458288311958313
0.3812038004398346
0.41077086329460144
0.4535374939441681
0.4588173031806946
0.4551214277744293
0.4989440441131592
0.5073917508125305
0.5359028577804565
0.5401267409324646
0.5422386527061462
0.5728616714477539
0.5543822646141052
0.5691657662391663
0.5728616714477539
0.6092925071716309
0.6019007563591003
0.6198521852493286
0.6172122359275818
0.6293558478355408
0.6399155259132385
0.6372756361961365
0.6494192481040955
0.6615628004074097
0.6615628004074097
0.6784582734107971
0.6789862513542175
0.6847940683364868
0.687961995601654
0.6795142292976379
0.7096092700958252
0.7064414024353027
0.6990496516227722
0.7159450650215149
0.7069693803787231
0.7317845821380615
0.724392831325531
0.739176332950592
0.7476240992546082
0.7502639889717102
0.7492080330848694
0.7444561719894409
0.7734952569007874
0.7708553075790405
0.760823667049408
0.7872228026390076
0.7803590297698975
0.7935585975646973
0.7930306196212769
0.7882787585258484
0.7925026416778564
0.7988384366035461
0.8057022094726562
0.7972545027732849
0.8136219382286072
0.8331573605537415
0.818901777267456
0.8363252282142639
0.8336853384971619
0.8299894332885742
0.8468849062919617
0.8336853384971619
0.8363252282142639
0.8453009724617004
0.8542766571044922
0.8495247960090637
0.8468849062919617
0.8685321807861328
0.8595564961433411
0.8738120198249817
0.8648363351821899
0.8664202690124512
0.8748679757118225
0.8833157420158386
0.8722280859947205
0.8775079250335693
0.8859556317329407
0.8785638809204102
0.8870115876197815
0.8806757926940918
