0.37856388092041016
0.48996832966804504
0.5332629084587097
0.5385427474975586
0.5564941763877869
0.5955649614334106
0.6045406460762024
0.6145723462104797
0.6393875479698181
0.6293558478355408
0.6531150937080383
0.6510031819343567
0.6789862513542175
0.656810998916626
0.6774023175239563
0.6752904057502747
0.6752904057502747
0.6858500242233276
0.6784582734107971
0.7016895413398743
0.7296726703643799
0.8093981146812439
0.8489968180656433
0.8907074928283691
0.9181626439094543
0.935058057308197
0.9482576847076416
0.9598732590675354
0.9720168709754944
0.9767687320709229
0.9841604828834534
0.987856388092041
0.9873284101486206
0.9894403219223022
0.9936642050743103
0.9952481389045715
0.9957761168479919
0.9957761168479919
0.9963040947914124
0.997360110282898
0.997360110282898
0.997360110282898
0.9963040947914124
0.997360110282898
0.9978880882263184
0.9952481389045715
0.9989440441131592
0.9957761168479919
0.9984160661697388
0.9984160661697388
0.9978880882263184
1.0
0.9989440441131592
0.9994720220565796
1.0
1.0
0.9984160661697388
0.9994720220565796
1.0
0.9989440441131592
