0.302006334066391
0.41710665822029114
0.45617741346359253
0.487856388092041
0.49577614665031433
0.5184794068336487
0.5517423152923584
0.5501583814620972
0.563357949256897
0.5728616714477539
0.6013727784156799
0.6193242073059082
0.6362196207046509
0.6404435038566589
0.6610348224639893
0.647307276725769
0.6605068445205688
0.668954610824585
0.667370617389679
0.6990496516227722
0.681098222732544
0.7043294906616211
0.7127771973609924
0.7317845821380615
0.7360084652900696
0.7354804873466492
0.7555438280105591
0.7523759007453918
0.7587116956710815
0.7576557397842407
0.7676874399185181
0.7745512127876282
0.7814149856567383
0.7761351466178894
0.7961985468864441
0.7946145534515381
0.816261887550354
0.8125659823417664
0.812038004398346
0.8115100264549255
0.8289334774017334
0.8252375721931458
0.8199577331542969
0.8331573605537415
0.8331573605537415
0.852692723274231
0.8537486791610718
0.8505807518959045
0.8574445843696594
0.856916606426239
0.8664202690124512
0.8717001080513
0.8579725623130798
0.8722280859947205
0.881203830242157
0.8653643131256104
0.8701161742210388
0.8759239912033081
0.89176344871521
0.9002112150192261
0.8859556317329407
0.8991551995277405
0.9002112150192261
0.9060190320014954
0.9007391929626465
0.9091868996620178
0.9007391929626465
0.9149947166442871
0.9112988114356995
0.9218584895133972
0.9234424233436584
0.9171066284179688
0.9076029658317566
0.9308342337608337
0.924498438835144
0.9287222623825073
0.9355860352516174
0.9303062558174133
0.9329461455345154
0.9361140727996826
