2.273890495300293
1.9023573398590088
1.7429090738296509
1.549605131149292
1.491417646408081
1.458168864250183
1.3825807571411133
1.3257840871810913
1.2451648712158203
1.1995164155960083
1.1848028898239136
1.1244302988052368
1.1387619972229004
1.0840994119644165
1.085557222366333
1.0088764429092407
1.0307763814926147
0.9799453616142273
0.9782952666282654
0.954687774181366
0.9409599900245667
0.9437538981437683
0.9161902666091919
0.8709248304367065
0.8715527057647705
0.8576490879058838
0.8562101125717163
0.8420491218566895
0.8245306015014648
0.8329858183860779
0.7729107141494751
0.7904731035232544
0.799632728099823
0.7639175653457642
0.7753795981407166
0.7299426198005676
0.7430395483970642
0.7298688292503357
0.7081372141838074
0.7055990695953369
0.694782555103302
0.6879909038543701
0.653693675994873
0.6550119519233704
0.6686486005783081
0.606477677822113
0.6126875877380371
0.613074004650116
0.6159147024154663
0.6036549210548401
0.5991077423095703
0.571825385093689
0.5704327821731567
0.5877554416656494
0.5660855770111084
0.526755154132843
0.5521752238273621
0.5067980885505676
0.49894899129867554
0.5141231417655945
0.49041852355003357
0.5126094222068787
0.4981386959552765
0.48966509103775024
0.482852041721344
0.4709462523460388
0.4781380891799927
0.4485543966293335
0.456937313079834
0.43348073959350586
0.4440658986568451
0.4592631459236145
0.42356640100479126
0.40871462225914
0.4153320789337158
0.40774136781692505
0.39522063732147217
0.40309199690818787
0.38369518518447876
0.4014816880226135
