1.4898208379745483
1.0805920362472534
0.9203563928604126
0.7631621956825256
0.6568999886512756
0.5971860289573669
0.5080749988555908
0.43700021505355835
0.39305734634399414
0.34632959961891174
0.31240618228912354
0.2678816020488739
0.24968695640563965
0.2093307077884674
0.18787826597690582
0.16716358065605164
0.148947075009346
0.14270290732383728
0.1304638832807541
0.11010619252920151
0.09548894315958023
0.08998710662126541
0.0895850658416748
0.0737207904458046
0.06655285507440567
0.06544366478919983
0.05309712514281273
0.04911234602332115
0.04491999372839928
0.040231939405202866
0.04036442190408707
0.036040227860212326
0.039073336869478226
0.032891154289245605
0.028029698878526688
0.025307733565568924
0.023374782875180244
0.025129664689302444
0.02326374687254429
0.02015151083469391
